0 0.391406 0.399537 0.110937 0.478704
0 0.318490 0.605556 0.100521 0.238889
0 0.183333 0.587500 0.069792 0.187963
0 0.057552 0.678241 0.092188 0.221296
0 0.225521 0.837500 0.118750 0.236111
0 0.051042 0.926389 0.077083 0.147222
0 0.103906 0.899074 0.097396 0.201852
0 0.453906 0.629167 0.083854 0.154630
0 0.513281 0.577778 0.077604 0.162963
0 0.550521 0.883796 0.091667 0.232407
0 0.696875 0.628241 0.092708 0.232407
0 0.770573 0.609722 0.084896 0.225000
0 0.852865 0.643519 0.076563 0.198148
0 0.921615 0.772685 0.118229 0.275000
0 0.865365 0.885185 0.108854 0.229630
0 0.785417 0.783333 0.106250 0.253704
