0 0.526563 0.436574 0.111458 0.528704
0 0.068490 0.715278 0.117188 0.245370
0 0.201302 0.710648 0.113021 0.275000
0 0.299479 0.617593 0.089583 0.207407
0 0.320312 0.769907 0.111458 0.169444
0 0.325521 0.899537 0.133333 0.200926
0 0.425000 0.664815 0.093750 0.233333
0 0.802604 0.706481 0.108333 0.246296
0 0.571615 0.708333 0.081771 0.181481
0 0.499219 0.686111 0.072396 0.209259
0 0.857292 0.866204 0.105208 0.258333
0 0.681771 0.933333 0.101042 0.133333
0 0.969531 0.765278 0.060937 0.213889
0 0.888802 0.682407 0.096354 0.218519
