0 0.027344 0.457031 0.051562 0.167187
0 0.077344 0.563281 0.064062 0.182812
0 0.167969 0.497656 0.095312 0.179688
0 0.041406 0.383594 0.060937 0.073438
0 0.100781 0.398438 0.067187 0.162500
0 0.038281 0.278125 0.051562 0.115625
0 0.416406 0.317188 0.076563 0.159375
0 0.300781 0.286719 0.076563 0.132812
0 0.342187 0.233594 0.056250 0.135937
0 0.415625 0.217188 0.053125 0.100000
0 0.448437 0.171094 0.040625 0.120313
0 0.517188 0.168750 0.065625 0.100000
0 0.571875 0.142187 0.053125 0.093750
0 0.242969 0.230469 0.051562 0.104688
0 0.301563 0.195312 0.056250 0.084375
0 0.443750 0.123438 0.053125 0.087500
0 0.178906 0.185156 0.051562 0.104688
0 0.229687 0.158594 0.043750 0.098437
0 0.298438 0.128906 0.043750 0.082812
0 0.367188 0.089844 0.040625 0.092188
0 0.398438 0.069531 0.037500 0.098437
0 0.452344 0.055469 0.035937 0.076563
0 0.219531 0.063281 0.035937 0.089063
0 0.228906 0.039062 0.017188 0.050000
0 0.255469 0.056250 0.032813 0.071875
0 0.301563 0.045312 0.046875 0.075000
0 0.346094 0.025781 0.064062 0.045312
0 0.743750 0.124219 0.046875 0.082812
0 0.773438 0.098437 0.037500 0.065625
0 0.670312 0.083594 0.056250 0.079687
0 0.707812 0.061719 0.046875 0.076563
0 0.631250 0.055469 0.053125 0.045312
0 0.567187 0.022656 0.046875 0.042188
0 0.600781 0.017188 0.026562 0.031250
1 0.885938 0.560937 0.156250 0.362500
