0 0.140625 0.650000 0.068750 0.118750
0 0.225781 0.565625 0.095312 0.165625
0 0.034375 0.589844 0.065625 0.098437
0 0.071094 0.515625 0.057813 0.140625
0 0.167969 0.457813 0.060937 0.134375
0 0.101562 0.450000 0.065625 0.062500
0 0.045312 0.379688 0.050000 0.071875
0 0.101562 0.343750 0.065625 0.090625
0 0.466406 0.383594 0.079687 0.151562
0 0.355469 0.352344 0.073438 0.114062
0 0.410938 0.318750 0.043750 0.109375
0 0.468750 0.287500 0.056250 0.090625
0 0.509375 0.256250 0.046875 0.112500
0 0.542188 0.232031 0.050000 0.107813
0 0.296875 0.289844 0.056250 0.107813
0 0.360156 0.270313 0.057813 0.078125
0 0.479687 0.200000 0.043750 0.096875
0 0.240625 0.254688 0.050000 0.093750
0 0.287500 0.230469 0.043750 0.089063
0 0.357812 0.202344 0.043750 0.070312
0 0.414844 0.174219 0.048438 0.076563
0 0.454688 0.146875 0.034375 0.087500
0 0.487500 0.131250 0.040625 0.075000
0 0.124219 0.168750 0.029687 0.146875
0 0.307812 0.139844 0.040625 0.067187
0 0.363281 0.118750 0.054688 0.056250
0 0.273438 0.121094 0.031250 0.057813
0 0.301563 0.103125 0.028125 0.053125
0 0.342187 0.089063 0.031250 0.059375
0 0.377344 0.084375 0.026562 0.037500
0 0.494531 0.060937 0.026562 0.056250
0 0.521094 0.056250 0.023438 0.062500
0 0.545312 0.047656 0.028125 0.051562
0 0.553125 0.072656 0.028125 0.060937
0 0.584375 0.067969 0.031250 0.048438
0 0.614844 0.096094 0.042188 0.067187
0 0.643750 0.097656 0.031250 0.035937
0 0.665625 0.136719 0.037500 0.039062
0 0.692187 0.158594 0.034375 0.098437
0 0.734375 0.146875 0.050000 0.068750
0 0.769531 0.143750 0.045312 0.053125
0 0.782813 0.203906 0.043750 0.079687
0 0.803906 0.179688 0.026562 0.059375
1 0.919531 0.624219 0.145313 0.357812
