0 0.267969 0.536719 0.085938 0.157812
0 0.177344 0.612500 0.060937 0.178125
0 0.085156 0.579688 0.070312 0.121875
0 0.125781 0.521094 0.048438 0.160938
0 0.203125 0.459375 0.053125 0.140625
0 0.154688 0.450781 0.043750 0.070312
0 0.064062 0.413281 0.034375 0.082812
0 0.104688 0.373437 0.043750 0.100000
0 0.154688 0.353125 0.043750 0.090625
0 0.484375 0.383594 0.062500 0.132812
0 0.381250 0.358594 0.062500 0.117188
0 0.432031 0.327344 0.042188 0.104688
0 0.482031 0.296875 0.042188 0.078125
0 0.517969 0.265625 0.048438 0.093750
0 0.574219 0.264844 0.057813 0.064062
0 0.627344 0.232813 0.054688 0.081250
0 0.330469 0.310937 0.042188 0.090625
0 0.385156 0.276562 0.057813 0.065625
0 0.509375 0.214844 0.040625 0.073438
0 0.281250 0.265625 0.043750 0.081250
0 0.325000 0.243750 0.034375 0.078125
0 0.384375 0.222656 0.040625 0.082812
0 0.457031 0.189844 0.039062 0.067187
0 0.485938 0.175000 0.018750 0.056250
0 0.511719 0.151562 0.029687 0.062500
0 0.309375 0.168750 0.037500 0.062500
0 0.329688 0.139844 0.015625 0.067187
0 0.341406 0.153906 0.023438 0.045312
0 0.382031 0.144531 0.026562 0.051562
0 0.414844 0.135937 0.042188 0.043750
0 0.371094 0.117188 0.023438 0.068750
0 0.410938 0.111719 0.034375 0.039062
0 0.775000 0.219531 0.040625 0.070312
0 0.794531 0.197656 0.023438 0.054688
0 0.708594 0.183594 0.045312 0.060937
0 0.731250 0.171875 0.021875 0.068750
0 0.755469 0.161719 0.029687 0.045312
0 0.674219 0.156250 0.039062 0.037500
0 0.621875 0.119531 0.034375 0.064062
0 0.646094 0.123438 0.032813 0.037500
0 0.566406 0.100000 0.023438 0.056250
0 0.589063 0.095312 0.015625 0.056250
0 0.512500 0.091406 0.021875 0.048438
0 0.536719 0.086719 0.026562 0.057813
0 0.560937 0.073438 0.025000 0.046875
1 0.888281 0.546094 0.104688 0.295312
