0 0.167187 0.624219 0.075000 0.135937
0 0.248438 0.522656 0.090625 0.164062
0 0.044531 0.571094 0.073438 0.129688
0 0.089844 0.494531 0.048438 0.164062
0 0.122656 0.418750 0.042188 0.068750
0 0.178906 0.427344 0.060937 0.157812
0 0.019531 0.384375 0.032813 0.096875
0 0.064062 0.335156 0.040625 0.117188
0 0.119531 0.321875 0.048438 0.103125
0 0.488281 0.348438 0.070312 0.150000
0 0.379688 0.322656 0.071875 0.135937
0 0.431250 0.285938 0.040625 0.112500
0 0.489063 0.257031 0.053125 0.095312
0 0.542188 0.222656 0.071875 0.126562
0 0.588281 0.209375 0.064062 0.090625
0 0.652344 0.183594 0.073438 0.089063
0 0.317969 0.278125 0.051562 0.100000
0 0.380469 0.237500 0.060937 0.087500
0 0.510156 0.169531 0.042188 0.089063
0 0.260937 0.221875 0.056250 0.103125
0 0.310937 0.196875 0.046875 0.100000
0 0.380469 0.167969 0.054688 0.082812
0 0.454688 0.141406 0.053125 0.079687
0 0.492188 0.114844 0.043750 0.070312
0 0.524219 0.103906 0.045312 0.064062
0 0.289844 0.108594 0.039062 0.089063
0 0.303125 0.095312 0.021875 0.071875
0 0.315625 0.085156 0.012500 0.095312
0 0.335938 0.098437 0.028125 0.065625
0 0.376563 0.086719 0.040625 0.064062
0 0.413281 0.078125 0.042188 0.046875
0 0.364063 0.055469 0.021875 0.082812
0 0.810156 0.164062 0.048438 0.081250
0 0.832812 0.143750 0.025000 0.068750
0 0.738281 0.123438 0.057813 0.075000
0 0.766406 0.107031 0.032813 0.070312
0 0.788281 0.105469 0.032813 0.067187
0 0.697656 0.099219 0.054688 0.042188
0 0.638281 0.056250 0.042188 0.068750
0 0.667969 0.060156 0.029687 0.039062
0 0.581250 0.034375 0.034375 0.065625
0 0.604688 0.031250 0.018750 0.059375
0 0.520312 0.029687 0.040625 0.056250
0 0.542969 0.025000 0.029687 0.046875
0 0.565625 0.021094 0.025000 0.039062
1 0.934375 0.528125 0.112500 0.331250
