0 0.198437 0.715625 0.087500 0.143750
0 0.279687 0.611719 0.096875 0.170313
0 0.076563 0.650000 0.071875 0.146875
0 0.123438 0.567969 0.068750 0.142187
0 0.221094 0.514844 0.070312 0.157812
0 0.144531 0.501563 0.039062 0.075000
0 0.050000 0.457813 0.043750 0.093750
0 0.094531 0.425000 0.035937 0.106250
0 0.131250 0.404687 0.046875 0.081250
0 0.526563 0.432031 0.075000 0.157812
0 0.412500 0.403125 0.068750 0.134375
0 0.472656 0.365625 0.057813 0.115625
0 0.525781 0.328125 0.045312 0.081250
0 0.568750 0.288281 0.043750 0.104688
0 0.609375 0.268750 0.043750 0.109375
0 0.681250 0.259375 0.046875 0.087500
0 0.351562 0.333594 0.053125 0.110937
0 0.414844 0.314063 0.060937 0.081250
0 0.535156 0.242969 0.045312 0.104688
0 0.293750 0.300781 0.053125 0.098437
0 0.350000 0.278906 0.046875 0.082812
0 0.413281 0.245312 0.048438 0.087500
0 0.470313 0.214844 0.043750 0.085938
0 0.512500 0.191406 0.037500 0.082812
0 0.552344 0.178125 0.045312 0.071875
0 0.314844 0.161719 0.035937 0.135937
0 0.363281 0.178125 0.035937 0.071875
0 0.417187 0.161719 0.031250 0.057813
0 0.457031 0.148438 0.048438 0.037500
0 0.352344 0.140625 0.023438 0.059375
0 0.399219 0.124219 0.032813 0.073438
0 0.435937 0.117188 0.031250 0.037500
0 0.854688 0.243750 0.046875 0.078125
0 0.880469 0.212500 0.032813 0.053125
0 0.772656 0.201563 0.039062 0.084375
0 0.803125 0.180469 0.031250 0.070312
0 0.834375 0.178906 0.043750 0.048438
0 0.739844 0.173437 0.051562 0.040625
0 0.678125 0.134375 0.037500 0.071875
0 0.707031 0.135156 0.029687 0.035937
0 0.557031 0.102344 0.032813 0.064062
0 0.581250 0.089844 0.028125 0.057813
0 0.610156 0.088281 0.029687 0.064062
0 0.619531 0.109375 0.026562 0.065625
0 0.653125 0.103125 0.031250 0.056250
1 0.955469 0.757812 0.082812 0.196875
