0 0.170313 0.609375 0.053125 0.175000
0 0.260156 0.545312 0.104688 0.181250
0 0.088281 0.578906 0.076563 0.120313
0 0.122656 0.524219 0.042188 0.170313
0 0.155469 0.448437 0.051562 0.059375
0 0.204687 0.457031 0.059375 0.142187
0 0.064062 0.414844 0.034375 0.082812
0 0.106250 0.371094 0.046875 0.085938
0 0.150000 0.347656 0.037500 0.082812
0 0.483594 0.382812 0.067187 0.134375
0 0.383594 0.361719 0.064062 0.120313
0 0.429688 0.326562 0.040625 0.106250
0 0.484375 0.295312 0.046875 0.078125
0 0.528125 0.271094 0.050000 0.082812
0 0.576562 0.259375 0.043750 0.075000
0 0.622656 0.232031 0.045312 0.079687
0 0.330469 0.309375 0.042188 0.093750
0 0.388281 0.284375 0.060937 0.078125
0 0.514844 0.220312 0.051562 0.081250
0 0.277344 0.271875 0.042188 0.096875
0 0.325781 0.250000 0.048438 0.087500
0 0.385937 0.221875 0.050000 0.075000
0 0.447656 0.186719 0.035937 0.079687
0 0.483594 0.178125 0.029687 0.071875
0 0.520312 0.157031 0.043750 0.060937
0 0.310937 0.165625 0.034375 0.071875
0 0.342969 0.160938 0.026562 0.059375
0 0.330469 0.128906 0.017188 0.054688
0 0.312500 0.142187 0.015625 0.043750
0 0.381250 0.146875 0.028125 0.059375
0 0.417187 0.137500 0.040625 0.043750
0 0.371094 0.114062 0.026562 0.071875
0 0.414844 0.112500 0.035937 0.037500
0 0.512500 0.096094 0.025000 0.060937
0 0.534375 0.084375 0.021875 0.050000
0 0.560156 0.078125 0.023438 0.050000
0 0.565625 0.102344 0.021875 0.057813
0 0.589063 0.092188 0.018750 0.053125
0 0.618750 0.117969 0.040625 0.060937
0 0.646875 0.123438 0.028125 0.031250
0 0.675000 0.157812 0.046875 0.037500
0 0.709375 0.184375 0.046875 0.071875
0 0.735938 0.171094 0.031250 0.070312
0 0.757812 0.164062 0.031250 0.062500
0 0.776563 0.217969 0.040625 0.070312
0 0.793750 0.203906 0.025000 0.070312
1 0.896875 0.547656 0.118750 0.298438
