0 0.164062 0.654687 0.075000 0.193750
0 0.253125 0.572656 0.103125 0.173437
0 0.039844 0.616406 0.073438 0.142187
0 0.092969 0.539062 0.048438 0.165625
0 0.126562 0.464062 0.056250 0.081250
0 0.187500 0.469531 0.065625 0.173437
0 0.052344 0.377344 0.048438 0.101562
0 0.108594 0.353125 0.054688 0.106250
0 0.509375 0.390625 0.078125 0.171875
0 0.393750 0.364844 0.081250 0.148438
0 0.445312 0.323437 0.050000 0.128125
0 0.506250 0.291406 0.050000 0.104688
0 0.539844 0.253125 0.048438 0.134375
0 0.614062 0.235937 0.059375 0.096875
0 0.682031 0.210938 0.076563 0.090625
0 0.321094 0.295312 0.054688 0.121875
0 0.394531 0.267969 0.060937 0.082812
0 0.519531 0.192969 0.042188 0.095312
0 0.264062 0.242969 0.050000 0.123438
0 0.318750 0.226562 0.043750 0.096875
0 0.390625 0.199219 0.046875 0.092188
0 0.449219 0.164062 0.045312 0.090625
0 0.492188 0.140625 0.043750 0.093750
0 0.541406 0.128125 0.042188 0.081250
0 0.300781 0.132812 0.032813 0.090625
0 0.311719 0.105469 0.020313 0.042188
0 0.342187 0.123438 0.034375 0.068750
0 0.392969 0.113281 0.048438 0.070312
0 0.325781 0.078125 0.029687 0.043750
0 0.373437 0.075781 0.028125 0.067187
0 0.414844 0.067187 0.042188 0.053125
0 0.843750 0.198437 0.043750 0.081250
0 0.871094 0.167187 0.035937 0.065625
0 0.767188 0.152344 0.053125 0.085938
0 0.797656 0.138281 0.029687 0.082812
0 0.826562 0.123438 0.037500 0.068750
0 0.730469 0.124219 0.054688 0.045312
0 0.664062 0.080469 0.037500 0.073438
0 0.697656 0.083594 0.042188 0.039062
0 0.605469 0.059375 0.032813 0.071875
0 0.630469 0.050781 0.026562 0.067187
0 0.541406 0.050781 0.029687 0.073438
0 0.564844 0.040625 0.023438 0.068750
0 0.594531 0.030469 0.026562 0.057813
1 0.953906 0.687500 0.092188 0.287500
