0 0.191406 0.635938 0.067187 0.125000
0 0.268750 0.546094 0.081250 0.148438
0 0.086719 0.582812 0.057813 0.115625
0 0.126562 0.518750 0.040625 0.153125
0 0.211719 0.463281 0.054688 0.139063
0 0.155469 0.446094 0.051562 0.064062
0 0.064844 0.415625 0.039062 0.093750
0 0.093750 0.371094 0.046875 0.114062
0 0.138281 0.353906 0.051562 0.079687
0 0.489063 0.392188 0.068750 0.150000
0 0.385937 0.363281 0.065625 0.123438
0 0.432812 0.330469 0.043750 0.110937
0 0.485938 0.298438 0.050000 0.081250
0 0.527344 0.258594 0.032813 0.117188
0 0.576562 0.250000 0.046875 0.096875
0 0.623437 0.234375 0.040625 0.081250
0 0.334375 0.306250 0.050000 0.118750
0 0.390625 0.280469 0.059375 0.067187
0 0.494531 0.218750 0.035937 0.090625
0 0.276562 0.275781 0.043750 0.098437
0 0.325781 0.249219 0.042188 0.073438
0 0.381250 0.220312 0.040625 0.075000
0 0.438281 0.193750 0.042188 0.081250
0 0.477344 0.173437 0.032813 0.087500
0 0.515625 0.153906 0.034375 0.060937
0 0.306250 0.171875 0.037500 0.075000
0 0.325781 0.128125 0.026562 0.050000
0 0.342187 0.160156 0.028125 0.057813
0 0.371094 0.115625 0.029687 0.056250
0 0.408594 0.108594 0.042188 0.039062
0 0.382031 0.144531 0.032813 0.057813
0 0.419531 0.135937 0.042188 0.043750
0 0.773438 0.221094 0.037500 0.073438
0 0.802344 0.197656 0.035937 0.057813
0 0.708594 0.178906 0.042188 0.064062
0 0.736719 0.165625 0.026562 0.059375
0 0.762500 0.164062 0.040625 0.050000
0 0.676562 0.157812 0.050000 0.034375
0 0.621094 0.120313 0.032813 0.059375
0 0.649219 0.121094 0.026562 0.029687
0 0.569531 0.100781 0.029687 0.057813
0 0.589844 0.092969 0.020313 0.054688
0 0.516406 0.093750 0.026562 0.056250
0 0.536719 0.082812 0.023438 0.050000
0 0.560937 0.078125 0.028125 0.050000
1 0.901563 0.607031 0.137500 0.320312
