0 0.024219 0.608594 0.045312 0.148438
0 0.116406 0.661719 0.054688 0.173437
0 0.216406 0.585156 0.082812 0.160938
0 0.060937 0.542969 0.053125 0.154688
0 0.144531 0.492188 0.070312 0.162500
0 0.091406 0.475000 0.051562 0.065625
0 0.037500 0.396875 0.056250 0.109375
0 0.091406 0.373437 0.057813 0.109375
0 0.449219 0.410156 0.076563 0.160938
0 0.339844 0.377344 0.073438 0.129688
0 0.382031 0.337500 0.048438 0.115625
0 0.447656 0.312500 0.045312 0.090625
0 0.490625 0.276562 0.043750 0.103125
0 0.546875 0.263281 0.059375 0.092188
0 0.597656 0.241406 0.051562 0.089063
0 0.279687 0.333594 0.043750 0.107813
0 0.339844 0.293750 0.054688 0.081250
0 0.473438 0.224219 0.040625 0.082812
0 0.227344 0.285156 0.054688 0.107813
0 0.274219 0.254688 0.045312 0.087500
0 0.335938 0.227344 0.040625 0.085938
0 0.402344 0.198437 0.042188 0.093750
0 0.401562 0.196094 0.037500 0.089063
0 0.442969 0.182031 0.032813 0.089063
0 0.482031 0.160938 0.035937 0.075000
0 0.259375 0.168750 0.031250 0.084375
0 0.272656 0.146094 0.020313 0.054688
0 0.296875 0.164844 0.028125 0.073438
0 0.281250 0.128125 0.015625 0.056250
0 0.336719 0.148438 0.032813 0.068750
0 0.386719 0.135156 0.067187 0.051562
0 0.324219 0.108594 0.029687 0.070312
0 0.761719 0.224219 0.045312 0.076563
0 0.782813 0.201563 0.021875 0.065625
0 0.689844 0.182812 0.051562 0.071875
0 0.714063 0.167187 0.031250 0.065625
0 0.741406 0.172656 0.026562 0.042188
0 0.653906 0.160938 0.048438 0.043750
0 0.593750 0.120313 0.034375 0.071875
0 0.624219 0.118750 0.029687 0.031250
0 0.480469 0.090625 0.029687 0.062500
0 0.539062 0.099219 0.028125 0.070312
0 0.560156 0.088281 0.026562 0.057813
0 0.501563 0.079687 0.021875 0.056250
0 0.527344 0.073438 0.029687 0.053125
1 0.884375 0.631250 0.125000 0.362500
