0 0.192969 0.629687 0.067187 0.115625
0 0.268750 0.541406 0.081250 0.151562
0 0.092188 0.575781 0.068750 0.104688
0 0.129688 0.513281 0.050000 0.148438
0 0.209375 0.451562 0.050000 0.128125
0 0.153906 0.441406 0.051562 0.057813
0 0.064062 0.405469 0.040625 0.073438
0 0.100781 0.371875 0.035937 0.081250
0 0.135937 0.360156 0.046875 0.070312
0 0.485156 0.385156 0.064062 0.132812
0 0.385937 0.357812 0.068750 0.112500
0 0.432031 0.328125 0.048438 0.100000
0 0.483594 0.301563 0.039062 0.084375
0 0.521094 0.260156 0.045312 0.098437
0 0.558594 0.244531 0.035937 0.101562
0 0.622656 0.232813 0.048438 0.078125
0 0.330469 0.306250 0.042188 0.109375
0 0.387500 0.277344 0.050000 0.060937
0 0.493750 0.218750 0.040625 0.087500
0 0.279687 0.266406 0.050000 0.079687
0 0.323437 0.250781 0.034375 0.073438
0 0.385156 0.221094 0.039062 0.070312
0 0.433594 0.191406 0.042188 0.076563
0 0.473438 0.174219 0.031250 0.076563
0 0.504687 0.155469 0.037500 0.054688
0 0.292969 0.143750 0.026562 0.115625
0 0.310156 0.137500 0.014063 0.062500
0 0.330469 0.132031 0.020313 0.060937
0 0.339844 0.160938 0.029687 0.059375
0 0.368750 0.112500 0.021875 0.065625
0 0.410156 0.109375 0.039062 0.040625
0 0.383594 0.146094 0.029687 0.057813
0 0.418750 0.132812 0.043750 0.043750
0 0.775781 0.217188 0.039062 0.068750
0 0.792188 0.195312 0.028125 0.056250
0 0.705469 0.177344 0.035937 0.067187
0 0.727344 0.163281 0.029687 0.064062
0 0.756250 0.164844 0.037500 0.048438
0 0.672656 0.157031 0.048438 0.035937
0 0.621094 0.120313 0.035937 0.059375
0 0.645312 0.121094 0.031250 0.029687
0 0.565625 0.101562 0.025000 0.059375
0 0.593750 0.091406 0.028125 0.045312
0 0.512500 0.089844 0.025000 0.048438
0 0.532031 0.083594 0.020313 0.057813
0 0.557813 0.080469 0.025000 0.054688
1 0.898438 0.596094 0.150000 0.320312
