0 0.160938 0.631250 0.062500 0.200000
0 0.267969 0.568750 0.085938 0.184375
0 0.082812 0.603125 0.081250 0.146875
0 0.118750 0.543750 0.046875 0.159375
0 0.202344 0.479687 0.064062 0.150000
0 0.150781 0.473438 0.048438 0.068750
0 0.051562 0.430469 0.031250 0.082812
0 0.092188 0.396875 0.050000 0.109375
0 0.145313 0.362500 0.046875 0.090625
0 0.492188 0.403906 0.071875 0.148438
0 0.389062 0.375781 0.075000 0.129688
0 0.437500 0.337500 0.040625 0.103125
0 0.489063 0.311719 0.040625 0.095312
0 0.531250 0.283594 0.046875 0.107813
0 0.585938 0.263281 0.053125 0.082812
0 0.636719 0.241406 0.039062 0.082812
0 0.331250 0.332813 0.046875 0.106250
0 0.392188 0.296875 0.059375 0.081250
0 0.510156 0.228125 0.048438 0.084375
0 0.275781 0.292187 0.048438 0.112500
0 0.323437 0.263281 0.040625 0.095312
0 0.385937 0.231250 0.043750 0.078125
0 0.446094 0.198437 0.035937 0.081250
0 0.486719 0.184375 0.032813 0.075000
0 0.525781 0.164062 0.035937 0.065625
0 0.310937 0.172656 0.031250 0.079687
0 0.346094 0.167187 0.032813 0.065625
0 0.315625 0.141406 0.021875 0.039062
0 0.332031 0.136719 0.014063 0.060937
0 0.385156 0.150781 0.045312 0.057813
0 0.426563 0.139063 0.056250 0.050000
0 0.371094 0.119531 0.029687 0.073438
0 0.796094 0.226562 0.051562 0.071875
0 0.817969 0.207813 0.026562 0.065625
0 0.725781 0.190625 0.042188 0.071875
0 0.763281 0.175000 0.048438 0.071875
0 0.685937 0.164062 0.053125 0.043750
0 0.632812 0.121875 0.037500 0.065625
0 0.660937 0.127344 0.031250 0.032813
0 0.576562 0.104688 0.028125 0.062500
0 0.604688 0.099219 0.021875 0.060937
0 0.522656 0.098437 0.029687 0.059375
0 0.546875 0.088281 0.025000 0.051562
0 0.572656 0.088281 0.029687 0.064062
1 0.924219 0.600000 0.120313 0.321875
