0 0.163281 0.608594 0.079687 0.120313
0 0.238281 0.514844 0.089063 0.154688
0 0.043750 0.564063 0.068750 0.137500
0 0.090625 0.483594 0.053125 0.142187
0 0.171094 0.429688 0.064062 0.146875
0 0.118750 0.421094 0.046875 0.076563
0 0.020313 0.380469 0.031250 0.079687
0 0.064062 0.346094 0.050000 0.110937
0 0.117188 0.318750 0.053125 0.096875
0 0.467969 0.353906 0.070312 0.145313
0 0.360156 0.327344 0.073438 0.129688
0 0.410938 0.288281 0.046875 0.110937
0 0.464062 0.261719 0.043750 0.085938
0 0.507812 0.217188 0.046875 0.115625
0 0.562500 0.216406 0.053125 0.082812
0 0.613281 0.193750 0.051562 0.084375
0 0.306250 0.282813 0.050000 0.096875
0 0.366406 0.243750 0.060937 0.071875
0 0.489063 0.182812 0.040625 0.090625
0 0.250000 0.235156 0.043750 0.104688
0 0.297656 0.207813 0.039062 0.090625
0 0.360938 0.184375 0.050000 0.084375
0 0.432031 0.150781 0.042188 0.082812
0 0.467187 0.132031 0.037500 0.073438
0 0.502344 0.117969 0.039062 0.064062
0 0.278906 0.121875 0.039062 0.081250
0 0.288281 0.101562 0.023438 0.050000
0 0.319531 0.119531 0.042188 0.073438
0 0.303906 0.087500 0.017188 0.065625
0 0.364844 0.106250 0.048438 0.062500
0 0.407031 0.092969 0.064062 0.054688
0 0.344531 0.068750 0.032813 0.071875
0 0.778125 0.177344 0.056250 0.082812
0 0.794531 0.160156 0.029687 0.073438
0 0.703125 0.139844 0.053125 0.076563
0 0.731250 0.123438 0.031250 0.075000
0 0.753125 0.119531 0.028125 0.060937
0 0.668750 0.117188 0.050000 0.050000
0 0.612500 0.071094 0.034375 0.070312
0 0.636719 0.077344 0.032813 0.035937
0 0.557031 0.054688 0.032813 0.068750
0 0.578906 0.048438 0.020313 0.059375
0 0.496094 0.046094 0.032813 0.060937
0 0.520312 0.035937 0.028125 0.056250
0 0.539062 0.031250 0.021875 0.056250
1 0.890625 0.522656 0.112500 0.307812
