0 0.196875 0.633594 0.068750 0.126562
0 0.266406 0.542969 0.079687 0.151562
0 0.085156 0.579688 0.067187 0.115625
0 0.128906 0.513281 0.054688 0.145313
0 0.157812 0.448437 0.043750 0.065625
0 0.203906 0.461719 0.054688 0.145313
0 0.064844 0.412500 0.032813 0.078125
0 0.103906 0.378125 0.042188 0.100000
0 0.150000 0.350781 0.043750 0.085938
0 0.485156 0.389062 0.070312 0.146875
0 0.384375 0.360156 0.065625 0.120313
0 0.430469 0.323437 0.039062 0.096875
0 0.485938 0.302344 0.046875 0.092188
0 0.525000 0.258594 0.037500 0.110937
0 0.574219 0.254688 0.054688 0.075000
0 0.623437 0.232813 0.046875 0.078125
0 0.330469 0.318750 0.042188 0.090625
0 0.387500 0.282813 0.053125 0.075000
0 0.507031 0.224219 0.042188 0.085938
0 0.278125 0.271875 0.043750 0.093750
0 0.325000 0.246875 0.037500 0.087500
0 0.383594 0.227344 0.042188 0.082812
0 0.452344 0.192969 0.035937 0.076563
0 0.484375 0.177344 0.031250 0.070312
0 0.517969 0.164844 0.039062 0.060937
0 0.307031 0.168750 0.035937 0.075000
0 0.314844 0.146094 0.017188 0.045312
0 0.331250 0.128906 0.018750 0.054688
0 0.343750 0.163281 0.028125 0.067187
0 0.381250 0.149219 0.031250 0.054688
0 0.421094 0.138281 0.048438 0.048438
0 0.370312 0.114062 0.025000 0.065625
0 0.776563 0.218750 0.040625 0.068750
0 0.796875 0.200781 0.028125 0.060937
0 0.707812 0.182812 0.046875 0.068750
0 0.732812 0.167187 0.028125 0.065625
0 0.756250 0.164062 0.025000 0.062500
0 0.674219 0.158594 0.045312 0.039062
0 0.620313 0.117969 0.031250 0.064062
0 0.646094 0.122656 0.026562 0.032813
0 0.567969 0.100000 0.026562 0.056250
0 0.590625 0.094531 0.018750 0.057813
0 0.513281 0.097656 0.029687 0.060937
0 0.534375 0.081250 0.018750 0.053125
0 0.556250 0.077344 0.018750 0.057813
1 0.889062 0.546094 0.103125 0.295312
