0 0.132812 0.635938 0.056250 0.187500
0 0.211719 0.582812 0.089063 0.156250
0 0.032813 0.608594 0.062500 0.142187
0 0.070312 0.544531 0.059375 0.142187
0 0.094531 0.478906 0.051562 0.067187
0 0.156250 0.480469 0.056250 0.148438
0 0.037500 0.405469 0.046875 0.114062
0 0.096094 0.374219 0.042188 0.098437
0 0.450781 0.412500 0.073438 0.146875
0 0.341406 0.391406 0.070312 0.129688
0 0.397656 0.356250 0.048438 0.125000
0 0.450000 0.321094 0.046875 0.089063
0 0.482031 0.280469 0.039062 0.120313
0 0.547656 0.271875 0.054688 0.087500
0 0.600781 0.249219 0.048438 0.082812
0 0.289844 0.331250 0.051562 0.087500
0 0.347656 0.299219 0.054688 0.073438
0 0.470313 0.235937 0.034375 0.087500
0 0.339844 0.238281 0.045312 0.082812
0 0.228906 0.291406 0.048438 0.098437
0 0.276562 0.268750 0.043750 0.090625
0 0.404687 0.204687 0.034375 0.096875
0 0.436719 0.186719 0.032813 0.092188
0 0.486719 0.171094 0.042188 0.082812
0 0.266406 0.177344 0.039062 0.079687
0 0.274219 0.152344 0.014063 0.042188
0 0.297656 0.171875 0.029687 0.065625
0 0.285938 0.131250 0.021875 0.043750
0 0.339062 0.155469 0.037500 0.057813
0 0.384375 0.143750 0.053125 0.043750
0 0.326562 0.124219 0.031250 0.057813
0 0.375000 0.117188 0.050000 0.040625
0 0.760938 0.240625 0.046875 0.071875
0 0.782813 0.210938 0.028125 0.062500
0 0.692187 0.190625 0.043750 0.068750
0 0.727344 0.177344 0.045312 0.067187
0 0.654687 0.166406 0.050000 0.035937
0 0.593750 0.131250 0.031250 0.071875
0 0.625000 0.130469 0.028125 0.032813
0 0.481250 0.100000 0.031250 0.062500
0 0.503125 0.092969 0.021875 0.064062
0 0.529687 0.082031 0.025000 0.051562
0 0.535937 0.106250 0.025000 0.062500
0 0.559375 0.100781 0.025000 0.054688
1 0.895312 0.648438 0.146875 0.340625
