0 0.085156 0.578125 0.060937 0.134375
0 0.186719 0.611719 0.057813 0.164062
0 0.267188 0.540625 0.090625 0.143750
0 0.128125 0.516406 0.046875 0.148438
0 0.210938 0.450000 0.056250 0.143750
0 0.157812 0.446875 0.050000 0.065625
0 0.061719 0.416406 0.035937 0.079687
0 0.094531 0.371875 0.039062 0.081250
0 0.144531 0.356250 0.042188 0.090625
0 0.485938 0.388281 0.068750 0.142187
0 0.382031 0.359375 0.070312 0.115625
0 0.432812 0.317969 0.040625 0.089063
0 0.483594 0.301563 0.042188 0.090625
0 0.514062 0.263281 0.043750 0.104688
0 0.575000 0.256250 0.053125 0.087500
0 0.625781 0.233594 0.045312 0.079687
0 0.325000 0.305469 0.043750 0.104688
0 0.386719 0.284375 0.051562 0.075000
0 0.496875 0.221875 0.034375 0.093750
0 0.281250 0.263281 0.043750 0.114062
0 0.324219 0.250781 0.042188 0.085938
0 0.385937 0.221094 0.043750 0.073438
0 0.435156 0.196094 0.042188 0.082812
0 0.471875 0.177344 0.031250 0.095312
0 0.513281 0.160156 0.026562 0.070312
0 0.310156 0.167187 0.029687 0.078125
0 0.344531 0.158594 0.032813 0.060937
0 0.321094 0.148438 0.017188 0.050000
0 0.333594 0.121094 0.020313 0.042188
0 0.382812 0.146094 0.034375 0.057813
0 0.425781 0.135937 0.051562 0.043750
0 0.371875 0.115625 0.021875 0.050000
0 0.405469 0.110156 0.035937 0.042188
0 0.770312 0.221875 0.040625 0.059375
0 0.796875 0.194531 0.037500 0.057813
0 0.708594 0.179688 0.045312 0.065625
0 0.729688 0.167187 0.018750 0.062500
0 0.751563 0.158594 0.028125 0.057813
0 0.674219 0.157031 0.048438 0.035937
0 0.618750 0.118750 0.031250 0.056250
0 0.645312 0.122656 0.028125 0.032813
0 0.564844 0.101562 0.020313 0.062500
0 0.589063 0.092969 0.021875 0.054688
0 0.511719 0.092188 0.026562 0.053125
0 0.533594 0.084375 0.023438 0.053125
0 0.559375 0.078125 0.021875 0.050000
1 0.898438 0.604688 0.134375 0.318750
