0 0.160938 0.682031 0.078125 0.139063
0 0.238281 0.582812 0.089063 0.165625
0 0.042969 0.627344 0.073438 0.142187
0 0.088281 0.550781 0.060937 0.157812
0 0.116406 0.482031 0.051562 0.076563
0 0.167187 0.496094 0.062500 0.160938
0 0.018750 0.437500 0.034375 0.103125
0 0.058594 0.403906 0.048438 0.110937
0 0.109375 0.379688 0.046875 0.096875
0 0.474219 0.414844 0.076563 0.154688
0 0.366406 0.384375 0.082812 0.128125
0 0.414062 0.344531 0.050000 0.104688
0 0.468750 0.318750 0.040625 0.087500
0 0.517969 0.276562 0.042188 0.131250
0 0.572656 0.276562 0.064062 0.093750
0 0.622656 0.246875 0.045312 0.087500
0 0.302344 0.340625 0.042188 0.096875
0 0.366406 0.300000 0.060937 0.084375
0 0.494531 0.232813 0.035937 0.084375
0 0.246094 0.287500 0.048438 0.100000
0 0.298438 0.260937 0.046875 0.093750
0 0.362500 0.240625 0.046875 0.090625
0 0.436719 0.200781 0.039062 0.082812
0 0.468750 0.188281 0.031250 0.082812
0 0.505469 0.171875 0.042188 0.062500
0 0.280469 0.175781 0.039062 0.089063
0 0.290625 0.157812 0.018750 0.059375
0 0.318750 0.171875 0.037500 0.075000
0 0.304688 0.132812 0.018750 0.062500
0 0.363281 0.154688 0.039062 0.056250
0 0.398438 0.142187 0.046875 0.050000
0 0.347656 0.113281 0.026562 0.067187
0 0.788281 0.234375 0.048438 0.068750
0 0.807813 0.209375 0.025000 0.068750
0 0.714844 0.189844 0.051562 0.073438
0 0.743750 0.176563 0.034375 0.075000
0 0.767969 0.170313 0.026562 0.062500
0 0.677344 0.164844 0.054688 0.042188
0 0.619531 0.121875 0.042188 0.071875
0 0.645312 0.126562 0.031250 0.034375
0 0.563281 0.103125 0.026562 0.065625
0 0.589063 0.098437 0.021875 0.065625
0 0.503125 0.096875 0.031250 0.062500
0 0.525781 0.084375 0.026562 0.059375
0 0.546875 0.075781 0.021875 0.057813
1 0.910156 0.587500 0.114062 0.318750
