0 0.108594 0.632812 0.054688 0.178125
0 0.217188 0.561719 0.087500 0.182812
0 0.028125 0.606250 0.053125 0.121875
0 0.059375 0.541406 0.046875 0.170313
0 0.149219 0.472656 0.060937 0.151562
0 0.093750 0.467969 0.050000 0.067187
0 0.043750 0.387500 0.040625 0.103125
0 0.091406 0.356250 0.051562 0.096875
0 0.455469 0.396094 0.073438 0.154688
0 0.347656 0.368750 0.073438 0.131250
0 0.395313 0.330469 0.046875 0.114062
0 0.457031 0.309375 0.054688 0.103125
0 0.502344 0.275781 0.054688 0.095312
0 0.556250 0.261719 0.053125 0.089063
0 0.603906 0.235156 0.048438 0.095312
0 0.285156 0.321875 0.045312 0.115625
0 0.346875 0.285156 0.059375 0.089063
0 0.484375 0.217188 0.056250 0.093750
0 0.228125 0.277344 0.056250 0.114062
0 0.278906 0.244531 0.042188 0.092188
0 0.343750 0.221875 0.053125 0.087500
0 0.414062 0.180469 0.040625 0.092188
0 0.451562 0.168750 0.037500 0.078125
0 0.488281 0.148438 0.042188 0.071875
0 0.264062 0.160938 0.040625 0.068750
0 0.268750 0.132812 0.021875 0.056250
0 0.297656 0.150000 0.032813 0.065625
0 0.285938 0.123438 0.021875 0.071875
0 0.331250 0.099219 0.034375 0.076563
0 0.342969 0.133594 0.035937 0.060937
0 0.375781 0.128125 0.035937 0.056250
0 0.770312 0.214062 0.053125 0.078125
0 0.794531 0.196875 0.029687 0.071875
0 0.698438 0.171094 0.053125 0.070312
0 0.726562 0.160156 0.034375 0.076563
0 0.752344 0.151562 0.032813 0.059375
0 0.660937 0.148438 0.053125 0.040625
0 0.603906 0.103906 0.045312 0.067187
0 0.631250 0.108594 0.031250 0.032813
0 0.544531 0.084375 0.029687 0.059375
0 0.569531 0.081250 0.023438 0.065625
0 0.485938 0.076563 0.031250 0.059375
0 0.512500 0.069531 0.028125 0.060937
0 0.535937 0.060937 0.028125 0.056250
1 0.906250 0.572656 0.128125 0.323437
