0 0.200000 0.634375 0.090625 0.115625
0 0.269531 0.541406 0.085938 0.148438
0 0.089844 0.569531 0.060937 0.117188
0 0.121875 0.520312 0.046875 0.156250
0 0.210938 0.461719 0.053125 0.120313
0 0.149219 0.438281 0.035937 0.057813
0 0.060937 0.408594 0.034375 0.079687
0 0.104688 0.375000 0.025000 0.090625
0 0.138281 0.357031 0.057813 0.076563
0 0.483594 0.382031 0.067187 0.129688
0 0.378906 0.360938 0.060937 0.115625
0 0.432812 0.326562 0.046875 0.103125
0 0.483594 0.298438 0.045312 0.081250
0 0.522656 0.271875 0.048438 0.121875
0 0.557031 0.245312 0.042188 0.103125
0 0.615625 0.231250 0.050000 0.075000
0 0.326562 0.299219 0.046875 0.104688
0 0.387500 0.278125 0.059375 0.068750
0 0.491406 0.218750 0.042188 0.090625
0 0.280469 0.271875 0.054688 0.093750
0 0.326562 0.248438 0.040625 0.068750
0 0.381250 0.220312 0.034375 0.075000
0 0.435937 0.191406 0.043750 0.079687
0 0.475781 0.172656 0.035937 0.079687
0 0.506250 0.164062 0.037500 0.075000
0 0.295312 0.148438 0.025000 0.118750
0 0.312500 0.138281 0.015625 0.060937
0 0.330469 0.133594 0.014063 0.064062
0 0.339844 0.158594 0.029687 0.057813
0 0.382812 0.146875 0.034375 0.059375
0 0.407813 0.135937 0.028125 0.046875
0 0.367969 0.115625 0.023438 0.071875
0 0.415625 0.110937 0.043750 0.043750
0 0.778906 0.219531 0.051562 0.070312
0 0.793750 0.196094 0.031250 0.054688
0 0.709375 0.182812 0.053125 0.078125
0 0.727344 0.159375 0.029687 0.056250
0 0.757031 0.168750 0.039062 0.056250
0 0.673438 0.157031 0.050000 0.035937
0 0.620313 0.121094 0.037500 0.060937
0 0.645312 0.122656 0.031250 0.032813
0 0.565625 0.100000 0.025000 0.056250
0 0.592187 0.095312 0.028125 0.053125
0 0.513281 0.093750 0.026562 0.056250
0 0.532813 0.085156 0.021875 0.057813
0 0.557813 0.081250 0.028125 0.056250
1 0.900000 0.600000 0.150000 0.312500
