0 0.161719 0.633594 0.060937 0.173437
0 0.248438 0.571094 0.090625 0.167187
0 0.060937 0.596875 0.075000 0.143750
0 0.098437 0.525000 0.056250 0.140625
0 0.185156 0.473438 0.064062 0.153125
0 0.126562 0.460156 0.053125 0.064062
0 0.021875 0.426563 0.031250 0.087500
0 0.066406 0.379688 0.051562 0.109375
0 0.125781 0.359375 0.051562 0.100000
0 0.479687 0.399219 0.068750 0.148438
0 0.371094 0.364063 0.070312 0.125000
0 0.411719 0.319531 0.054688 0.129688
0 0.482031 0.300000 0.048438 0.084375
0 0.513281 0.263281 0.039062 0.117188
0 0.579688 0.257031 0.059375 0.092188
0 0.630469 0.233594 0.048438 0.085938
0 0.317969 0.311719 0.045312 0.085938
0 0.373437 0.285938 0.053125 0.084375
0 0.509375 0.213281 0.056250 0.079687
0 0.259375 0.271094 0.046875 0.095312
0 0.306250 0.246875 0.043750 0.087500
0 0.371875 0.222656 0.043750 0.079687
0 0.432812 0.182812 0.037500 0.087500
0 0.469531 0.163281 0.039062 0.092188
0 0.519531 0.152344 0.035937 0.073438
0 0.294531 0.160156 0.035937 0.082812
0 0.327344 0.151562 0.026562 0.059375
0 0.305469 0.128125 0.014063 0.028125
0 0.314844 0.114844 0.017188 0.045312
0 0.375000 0.139063 0.034375 0.062500
0 0.418750 0.125000 0.062500 0.040625
0 0.357812 0.103125 0.028125 0.075000
0 0.404687 0.100781 0.043750 0.042188
0 0.795312 0.217969 0.043750 0.079687
0 0.812500 0.192969 0.025000 0.060937
0 0.724219 0.173437 0.048438 0.068750
0 0.753906 0.160156 0.045312 0.070312
0 0.685156 0.150000 0.048438 0.040625
0 0.628906 0.110156 0.042188 0.064062
0 0.659375 0.112500 0.040625 0.031250
0 0.571094 0.088281 0.029687 0.064062
0 0.595313 0.082812 0.028125 0.059375
0 0.510156 0.082031 0.029687 0.060937
0 0.534375 0.071094 0.028125 0.054688
0 0.563281 0.065625 0.026562 0.056250
1 0.919531 0.633594 0.151562 0.351562
