0 0.194531 0.624219 0.073438 0.139063
0 0.261719 0.543750 0.070312 0.146875
0 0.089063 0.581250 0.065625 0.128125
0 0.125781 0.510156 0.045312 0.142187
0 0.154688 0.447656 0.040625 0.064062
0 0.203906 0.466406 0.054688 0.154688
0 0.064062 0.415625 0.037500 0.084375
0 0.104688 0.374219 0.040625 0.107813
0 0.152344 0.350781 0.039062 0.082812
0 0.485156 0.382031 0.067187 0.139063
0 0.385156 0.361719 0.070312 0.120313
0 0.430469 0.322656 0.035937 0.089063
0 0.481250 0.301563 0.040625 0.087500
0 0.525781 0.264844 0.035937 0.092188
0 0.575781 0.251563 0.054688 0.071875
0 0.622656 0.232031 0.039062 0.076563
0 0.328906 0.318750 0.045312 0.090625
0 0.388281 0.278906 0.057813 0.064062
0 0.513281 0.217969 0.054688 0.076563
0 0.275781 0.273438 0.039062 0.093750
0 0.325781 0.245312 0.035937 0.084375
0 0.381250 0.219531 0.040625 0.064062
0 0.452344 0.187500 0.035937 0.081250
0 0.481250 0.176563 0.028125 0.065625
0 0.310156 0.167187 0.035937 0.071875
0 0.314844 0.142969 0.020313 0.039062
0 0.329688 0.130469 0.015625 0.054688
0 0.344531 0.162500 0.023438 0.062500
0 0.382031 0.149219 0.029687 0.057813
0 0.413281 0.139844 0.032813 0.045312
0 0.371094 0.117188 0.029687 0.075000
0 0.414062 0.110937 0.037500 0.043750
0 0.773438 0.217188 0.040625 0.068750
0 0.795312 0.196094 0.025000 0.054688
0 0.708594 0.182031 0.045312 0.067187
0 0.730469 0.164844 0.020313 0.057813
0 0.756250 0.168750 0.028125 0.043750
0 0.675000 0.159375 0.043750 0.037500
0 0.620313 0.121094 0.040625 0.064062
0 0.645312 0.117188 0.025000 0.021875
0 0.567187 0.100781 0.021875 0.060937
0 0.589063 0.095312 0.018750 0.056250
0 0.513281 0.093750 0.029687 0.053125
0 0.535156 0.087500 0.020313 0.056250
0 0.552344 0.077344 0.020313 0.064062
0 0.520312 0.164844 0.037500 0.060937
1 0.892969 0.542969 0.104688 0.289062
