0 0.267188 0.542969 0.112500 0.148438
0 0.178906 0.637500 0.085938 0.140625
0 0.075781 0.573438 0.082812 0.140625
0 0.117188 0.492969 0.075000 0.139063
0 0.203125 0.460938 0.068750 0.131250
0 0.136719 0.440625 0.051562 0.071875
0 0.045312 0.399219 0.040625 0.089063
0 0.090625 0.380469 0.040625 0.085938
0 0.136719 0.339062 0.057813 0.096875
0 0.380469 0.354687 0.070312 0.128125
0 0.432812 0.316406 0.043750 0.101562
0 0.482031 0.292187 0.045312 0.093750
0 0.516406 0.257031 0.035937 0.098437
0 0.547656 0.239063 0.035937 0.103125
0 0.324219 0.299219 0.048438 0.110937
0 0.382812 0.272656 0.056250 0.073438
0 0.492188 0.213281 0.040625 0.095312
0 0.267188 0.260937 0.050000 0.106250
0 0.320312 0.232031 0.046875 0.073438
0 0.163281 0.195312 0.035937 0.171875
0 0.378906 0.214844 0.045312 0.076563
0 0.430469 0.185938 0.048438 0.075000
0 0.469531 0.160156 0.029687 0.089063
0 0.502344 0.147656 0.035937 0.079687
0 0.303125 0.134375 0.028125 0.056250
0 0.325000 0.117188 0.025000 0.053125
0 0.335938 0.151562 0.040625 0.062500
0 0.381250 0.136719 0.043750 0.051562
0 0.405469 0.134375 0.026562 0.053125
0 0.355469 0.119531 0.026562 0.045312
0 0.504687 0.080469 0.028125 0.057813
0 0.528906 0.071875 0.017188 0.062500
0 0.557813 0.070312 0.028125 0.046875
0 0.562500 0.092969 0.028125 0.057813
0 0.590625 0.086719 0.028125 0.048438
0 0.617188 0.114844 0.034375 0.064062
0 0.617969 0.225781 0.045312 0.073438
0 0.642188 0.117188 0.028125 0.040625
0 0.689063 0.171875 0.037500 0.093750
0 0.665625 0.150000 0.034375 0.034375
0 0.727344 0.160938 0.042188 0.065625
0 0.757812 0.155469 0.037500 0.045312
0 0.774219 0.216406 0.051562 0.070312
0 0.792188 0.193750 0.031250 0.062500
1 0.915625 0.608594 0.146875 0.329688
0 0.479687 0.382812 0.075000 0.137500
