0 0.081250 0.678906 0.106250 0.204687
0 0.355469 0.475781 0.092188 0.173437
0 0.227344 0.442969 0.079687 0.148438
0 0.285938 0.395313 0.056250 0.121875
0 0.350000 0.364844 0.053125 0.098437
0 0.405469 0.332031 0.054688 0.135937
0 0.465625 0.311719 0.068750 0.095312
0 0.526563 0.284375 0.056250 0.103125
0 0.157812 0.393750 0.062500 0.118750
0 0.228125 0.346875 0.071875 0.093750
0 0.387500 0.263281 0.065625 0.092188
0 0.091406 0.333594 0.064062 0.110937
0 0.152344 0.301563 0.051562 0.106250
0 0.223438 0.271875 0.050000 0.096875
0 0.309375 0.221875 0.046875 0.100000
0 0.350781 0.210156 0.051562 0.082812
0 0.395313 0.196094 0.043750 0.073438
0 0.130469 0.203906 0.045312 0.095312
0 0.135937 0.173437 0.028125 0.059375
0 0.171094 0.193750 0.032813 0.078125
0 0.156250 0.153125 0.025000 0.068750
0 0.224219 0.175000 0.035937 0.071875
0 0.262500 0.164844 0.040625 0.060937
0 0.210156 0.132812 0.032813 0.084375
0 0.253906 0.132812 0.029687 0.059375
0 0.717969 0.264062 0.054688 0.087500
0 0.741406 0.238281 0.023438 0.073438
0 0.635938 0.215625 0.050000 0.084375
0 0.665625 0.201563 0.040625 0.084375
0 0.695312 0.205469 0.040625 0.064062
0 0.590625 0.185938 0.059375 0.043750
0 0.525000 0.139063 0.046875 0.078125
0 0.553125 0.143750 0.031250 0.037500
0 0.455469 0.115625 0.029687 0.075000
0 0.484375 0.108594 0.021875 0.070312
0 0.385937 0.107813 0.034375 0.068750
0 0.419531 0.098437 0.032813 0.068750
0 0.439063 0.085938 0.021875 0.075000
1 0.861719 0.681250 0.132812 0.375000
