0 0.165625 0.632031 0.056250 0.151562
0 0.256250 0.561719 0.075000 0.145313
0 0.074219 0.585156 0.073438 0.135937
0 0.110937 0.528906 0.059375 0.154688
0 0.188281 0.472656 0.060937 0.145313
0 0.137500 0.461719 0.043750 0.064062
0 0.043750 0.425781 0.037500 0.089063
0 0.086719 0.387500 0.048438 0.103125
0 0.139844 0.362500 0.054688 0.096875
0 0.481250 0.395313 0.068750 0.146875
0 0.375781 0.369531 0.070312 0.129688
0 0.414844 0.328906 0.042188 0.110937
0 0.478906 0.306250 0.045312 0.087500
0 0.517969 0.275000 0.048438 0.103125
0 0.571875 0.257812 0.050000 0.078125
0 0.622656 0.236719 0.048438 0.079687
0 0.320312 0.325781 0.043750 0.098437
0 0.377344 0.289844 0.051562 0.079687
0 0.502344 0.228125 0.035937 0.087500
0 0.264062 0.277344 0.050000 0.095312
0 0.314844 0.253906 0.045312 0.085938
0 0.374219 0.230469 0.039062 0.085938
0 0.432812 0.192969 0.037500 0.079687
0 0.472656 0.181250 0.039062 0.075000
0 0.511719 0.160156 0.035937 0.070312
0 0.298438 0.171094 0.028125 0.085938
0 0.309375 0.149219 0.018750 0.048438
0 0.336719 0.164844 0.035937 0.067187
0 0.320312 0.128906 0.015625 0.057813
0 0.360156 0.113281 0.023438 0.070312
0 0.372656 0.146094 0.029687 0.060937
0 0.411719 0.137500 0.051562 0.046875
0 0.778125 0.225000 0.046875 0.075000
0 0.799219 0.200000 0.023438 0.059375
0 0.707812 0.180469 0.043750 0.064062
0 0.732031 0.167969 0.023438 0.060937
0 0.754687 0.176563 0.018750 0.046875
0 0.617188 0.122656 0.031250 0.060937
0 0.648438 0.124219 0.031250 0.035937
0 0.563281 0.099219 0.023438 0.060937
0 0.585938 0.093750 0.015625 0.056250
0 0.509375 0.093750 0.028125 0.056250
0 0.531250 0.087500 0.021875 0.059375
0 0.556250 0.079687 0.021875 0.053125
1 0.892969 0.610156 0.117188 0.342187
