0 0.192188 0.639062 0.071875 0.134375
0 0.266406 0.545312 0.085938 0.153125
0 0.088281 0.570312 0.070312 0.118750
0 0.134375 0.504687 0.068750 0.131250
0 0.212500 0.469531 0.065625 0.126562
0 0.150000 0.446094 0.056250 0.064062
0 0.062500 0.408594 0.040625 0.082812
0 0.098437 0.373437 0.043750 0.096875
0 0.138281 0.353125 0.042188 0.087500
0 0.484375 0.388281 0.071875 0.145313
0 0.385156 0.358594 0.073438 0.114062
0 0.435156 0.317969 0.042188 0.085938
0 0.480469 0.297656 0.042188 0.079687
0 0.518750 0.268750 0.040625 0.103125
0 0.554688 0.241406 0.037500 0.098437
0 0.617188 0.225781 0.040625 0.067187
0 0.324219 0.299219 0.048438 0.101562
0 0.490625 0.210156 0.050000 0.076563
0 0.278125 0.271875 0.043750 0.087500
0 0.325000 0.242969 0.043750 0.067187
0 0.382812 0.218750 0.043750 0.068750
0 0.435937 0.191406 0.040625 0.070312
0 0.471094 0.167969 0.026562 0.073438
0 0.506250 0.157031 0.040625 0.060937
0 0.210156 0.190625 0.023438 0.131250
0 0.302344 0.140625 0.032813 0.062500
0 0.329688 0.132031 0.021875 0.057813
0 0.341406 0.160156 0.039062 0.060937
0 0.385156 0.141406 0.045312 0.051562
0 0.413281 0.135937 0.035937 0.040625
0 0.376563 0.113281 0.025000 0.054688
0 0.409375 0.109375 0.037500 0.037500
0 0.773438 0.217969 0.043750 0.070312
0 0.792969 0.200000 0.029687 0.062500
0 0.689844 0.177344 0.032813 0.095312
0 0.721875 0.167969 0.031250 0.070312
0 0.756250 0.165625 0.040625 0.053125
0 0.621094 0.121094 0.039062 0.064062
0 0.646875 0.121875 0.031250 0.031250
0 0.565625 0.100781 0.031250 0.057813
0 0.592187 0.094531 0.031250 0.045312
0 0.511719 0.092969 0.029687 0.060937
0 0.534375 0.083594 0.028125 0.057813
0 0.558594 0.081250 0.023438 0.056250
1 0.899219 0.603125 0.135937 0.325000
