0 0.187500 0.607031 0.053125 0.170313
0 0.269531 0.544531 0.085938 0.151562
0 0.089844 0.570312 0.060937 0.134375
0 0.126562 0.505469 0.043750 0.129688
0 0.208594 0.453125 0.057813 0.134375
0 0.157031 0.448437 0.051562 0.068750
0 0.060937 0.410156 0.031250 0.076563
0 0.102344 0.368750 0.054688 0.100000
0 0.154688 0.352344 0.050000 0.095312
0 0.484375 0.388281 0.065625 0.145313
0 0.385156 0.360156 0.070312 0.117188
0 0.421875 0.316406 0.043750 0.123438
0 0.483594 0.296875 0.042188 0.078125
0 0.514844 0.263281 0.032813 0.110937
0 0.574219 0.257031 0.054688 0.085938
0 0.624219 0.233594 0.045312 0.079687
0 0.333594 0.315625 0.042188 0.100000
0 0.386719 0.278125 0.054688 0.065625
0 0.514062 0.217188 0.053125 0.075000
0 0.280469 0.273438 0.048438 0.096875
0 0.322656 0.249219 0.039062 0.085938
0 0.382812 0.227344 0.037500 0.079687
0 0.443750 0.193750 0.037500 0.090625
0 0.470313 0.169531 0.031250 0.082812
0 0.517188 0.157812 0.031250 0.065625
0 0.312500 0.167187 0.031250 0.081250
0 0.330469 0.132031 0.014063 0.060937
0 0.343750 0.158594 0.025000 0.057813
0 0.371094 0.115625 0.026562 0.068750
0 0.382031 0.146875 0.029687 0.062500
0 0.425000 0.135937 0.056250 0.046875
0 0.775000 0.218750 0.043750 0.071875
0 0.797656 0.195312 0.032813 0.056250
0 0.707031 0.181250 0.039062 0.065625
0 0.739062 0.167187 0.043750 0.068750
0 0.674219 0.157031 0.048438 0.039062
0 0.616406 0.123438 0.032813 0.065625
0 0.644531 0.123438 0.026562 0.031250
0 0.565625 0.100781 0.025000 0.057813
0 0.589844 0.096094 0.023438 0.057813
0 0.514844 0.091406 0.029687 0.051562
0 0.533594 0.087500 0.020313 0.056250
0 0.558594 0.079687 0.026562 0.053125
1 0.896875 0.602344 0.134375 0.320312
