0 0.190625 0.634375 0.068750 0.134375
0 0.267969 0.542969 0.089063 0.157812
0 0.091406 0.572656 0.067187 0.123438
0 0.127344 0.513281 0.045312 0.145313
0 0.155469 0.442188 0.051562 0.068750
0 0.213281 0.468750 0.057813 0.121875
0 0.064844 0.416406 0.039062 0.092188
0 0.103906 0.384375 0.032813 0.112500
0 0.139844 0.363281 0.051562 0.073438
0 0.485938 0.390625 0.065625 0.150000
0 0.382812 0.360938 0.065625 0.118750
0 0.432812 0.326562 0.046875 0.100000
0 0.485156 0.301563 0.042188 0.090625
0 0.521875 0.259375 0.040625 0.121875
0 0.562500 0.244531 0.040625 0.101562
0 0.621875 0.234375 0.050000 0.081250
0 0.332813 0.307812 0.046875 0.103125
0 0.390625 0.285156 0.062500 0.082812
0 0.492969 0.217188 0.039062 0.087500
0 0.278906 0.272656 0.045312 0.095312
0 0.325000 0.253125 0.040625 0.078125
0 0.385937 0.221094 0.046875 0.073438
0 0.435156 0.194531 0.039062 0.082812
0 0.475000 0.174219 0.034375 0.079687
0 0.506250 0.157031 0.037500 0.057813
0 0.307031 0.144531 0.032813 0.123438
0 0.331250 0.128125 0.021875 0.053125
0 0.342187 0.160938 0.031250 0.062500
0 0.386719 0.147656 0.042188 0.060937
0 0.416406 0.135156 0.039062 0.042188
0 0.371875 0.112500 0.034375 0.059375
0 0.413281 0.112500 0.042188 0.053125
0 0.773438 0.219531 0.043750 0.073438
0 0.796875 0.200000 0.034375 0.065625
0 0.700000 0.182031 0.037500 0.073438
0 0.736719 0.168750 0.035937 0.065625
0 0.757031 0.164844 0.039062 0.051562
0 0.673438 0.159375 0.050000 0.037500
0 0.621875 0.121875 0.037500 0.062500
0 0.645312 0.124219 0.031250 0.032813
0 0.569531 0.102344 0.032813 0.060937
0 0.599219 0.094531 0.026562 0.051562
0 0.512500 0.095312 0.028125 0.059375
0 0.532813 0.085938 0.021875 0.062500
0 0.559375 0.081250 0.028125 0.053125
1 0.899219 0.603125 0.139063 0.315625
