0 0.192188 0.626563 0.068750 0.109375
0 0.267969 0.539844 0.082812 0.139063
0 0.094531 0.578125 0.076563 0.112500
0 0.130469 0.503906 0.064062 0.126562
0 0.148438 0.442188 0.031250 0.062500
0 0.210156 0.453125 0.054688 0.131250
0 0.064062 0.408594 0.040625 0.076563
0 0.105469 0.385156 0.039062 0.076563
0 0.150781 0.346875 0.048438 0.081250
0 0.483594 0.384375 0.067187 0.137500
0 0.384375 0.357812 0.068750 0.112500
0 0.434375 0.326562 0.050000 0.106250
0 0.485938 0.291406 0.050000 0.070312
0 0.523438 0.267969 0.037500 0.107813
0 0.559375 0.240625 0.043750 0.100000
0 0.619531 0.224219 0.045312 0.067187
0 0.327344 0.299219 0.042188 0.104688
0 0.389844 0.278125 0.054688 0.068750
0 0.496875 0.213281 0.040625 0.082812
0 0.278906 0.263281 0.048438 0.082812
0 0.325000 0.242969 0.046875 0.076563
0 0.385937 0.217188 0.050000 0.065625
0 0.436719 0.191406 0.042188 0.070312
0 0.475781 0.167187 0.032813 0.081250
0 0.505469 0.152344 0.042188 0.067187
0 0.175781 0.186719 0.032813 0.135937
0 0.314844 0.140625 0.032813 0.050000
0 0.330469 0.122656 0.023438 0.042188
0 0.389062 0.142187 0.043750 0.053125
0 0.374219 0.114062 0.032813 0.056250
0 0.405469 0.106250 0.029687 0.043750
0 0.512500 0.090625 0.028125 0.053125
0 0.535156 0.083594 0.020313 0.048438
0 0.560937 0.077344 0.025000 0.048438
0 0.564844 0.099219 0.023438 0.054688
0 0.595313 0.098437 0.031250 0.053125
0 0.621094 0.119531 0.032813 0.057813
0 0.646094 0.121094 0.029687 0.029687
0 0.692969 0.173437 0.039062 0.084375
0 0.728125 0.168750 0.040625 0.065625
0 0.758594 0.160156 0.039062 0.039062
0 0.770312 0.221875 0.034375 0.078125
0 0.796094 0.195312 0.029687 0.053125
1 0.900781 0.602344 0.142187 0.326562
