0 0.167969 0.605469 0.057813 0.160938
0 0.270313 0.539844 0.090625 0.157812
0 0.086719 0.580469 0.070312 0.120313
0 0.125781 0.519531 0.051562 0.157812
0 0.203906 0.454688 0.054688 0.134375
0 0.156250 0.450000 0.043750 0.071875
0 0.063281 0.413281 0.042188 0.082812
0 0.107813 0.371094 0.046875 0.098437
0 0.153125 0.350781 0.040625 0.089063
0 0.487500 0.389062 0.068750 0.146875
0 0.383594 0.358594 0.070312 0.110937
0 0.432812 0.318750 0.040625 0.084375
0 0.485156 0.296094 0.039062 0.079687
0 0.523438 0.266406 0.046875 0.095312
0 0.572656 0.261719 0.057813 0.060937
0 0.623437 0.232031 0.050000 0.079687
0 0.328906 0.310156 0.039062 0.089063
0 0.389844 0.279687 0.051562 0.068750
0 0.511719 0.220312 0.045312 0.078125
0 0.283594 0.267969 0.045312 0.085938
0 0.326562 0.241406 0.043750 0.073438
0 0.382812 0.218750 0.046875 0.071875
0 0.459375 0.189062 0.040625 0.068750
0 0.486719 0.166406 0.023438 0.060937
0 0.511719 0.149219 0.035937 0.073438
0 0.312500 0.164062 0.043750 0.075000
0 0.314063 0.146875 0.025000 0.056250
0 0.342969 0.158594 0.026562 0.057813
0 0.328906 0.124219 0.017188 0.042188
0 0.382812 0.146875 0.028125 0.053125
0 0.422656 0.139063 0.048438 0.037500
0 0.369531 0.112500 0.026562 0.062500
0 0.778125 0.217969 0.046875 0.060937
0 0.796875 0.195312 0.028125 0.059375
0 0.708594 0.182031 0.045312 0.067187
0 0.728906 0.169531 0.017188 0.067187
0 0.756250 0.166406 0.028125 0.048438
0 0.674219 0.158594 0.048438 0.042188
0 0.621875 0.118750 0.034375 0.059375
0 0.648438 0.122656 0.031250 0.032813
0 0.566406 0.100781 0.023438 0.057813
0 0.589063 0.093750 0.025000 0.053125
0 0.512500 0.092969 0.031250 0.051562
0 0.534375 0.084375 0.025000 0.053125
0 0.560156 0.073438 0.023438 0.040625
1 0.890625 0.546875 0.100000 0.293750
