0 0.270313 0.532813 0.087500 0.159375
0 0.168750 0.610938 0.050000 0.171875
0 0.088281 0.580469 0.079687 0.120313
0 0.125781 0.520312 0.048438 0.156250
0 0.151562 0.448437 0.043750 0.065625
0 0.202344 0.457031 0.057813 0.142187
0 0.062500 0.413281 0.037500 0.079687
0 0.108594 0.375000 0.042188 0.087500
0 0.150000 0.350781 0.043750 0.092188
0 0.485156 0.386719 0.067187 0.135937
0 0.384375 0.364063 0.068750 0.121875
0 0.430469 0.328125 0.048438 0.109375
0 0.484375 0.296875 0.043750 0.078125
0 0.528906 0.272656 0.057813 0.082812
0 0.577344 0.258594 0.048438 0.076563
0 0.623437 0.233594 0.043750 0.085938
0 0.328906 0.310937 0.048438 0.093750
0 0.387500 0.282031 0.056250 0.070312
0 0.514844 0.220312 0.057813 0.078125
0 0.278125 0.269531 0.043750 0.095312
0 0.322656 0.253125 0.039062 0.093750
0 0.385156 0.228125 0.039062 0.081250
0 0.451562 0.188281 0.037500 0.085938
0 0.482812 0.175000 0.031250 0.068750
0 0.514844 0.157031 0.045312 0.060937
0 0.311719 0.167969 0.035937 0.067187
0 0.313281 0.145313 0.017188 0.050000
0 0.341406 0.156250 0.020313 0.053125
0 0.331250 0.138281 0.018750 0.070312
0 0.384375 0.146094 0.028125 0.057813
0 0.423438 0.136719 0.050000 0.045312
0 0.367188 0.114844 0.028125 0.067187
0 0.414062 0.113281 0.040625 0.039062
0 0.515625 0.092188 0.021875 0.053125
0 0.538281 0.084375 0.029687 0.046875
0 0.564844 0.078906 0.032813 0.051562
0 0.566406 0.102344 0.023438 0.060937
0 0.589844 0.093750 0.023438 0.065625
0 0.621094 0.121094 0.039062 0.064062
0 0.647656 0.121094 0.032813 0.035937
0 0.673438 0.160156 0.056250 0.042188
0 0.708594 0.188281 0.051562 0.079687
0 0.732812 0.171094 0.021875 0.073438
0 0.759375 0.163281 0.037500 0.064062
0 0.775000 0.216406 0.040625 0.070312
0 0.798438 0.200781 0.040625 0.057813
1 0.897656 0.547656 0.114062 0.298438
