0 0.195312 0.633594 0.068750 0.129688
0 0.267188 0.542188 0.084375 0.156250
0 0.091406 0.571875 0.064062 0.125000
0 0.125000 0.514844 0.040625 0.148438
0 0.153906 0.442188 0.045312 0.068750
0 0.214844 0.470313 0.054688 0.118750
0 0.063281 0.413281 0.039062 0.085938
0 0.103906 0.382031 0.035937 0.104688
0 0.135937 0.364063 0.046875 0.071875
0 0.382031 0.355469 0.064062 0.107813
0 0.431250 0.325781 0.043750 0.098437
0 0.482031 0.301563 0.042188 0.084375
0 0.521094 0.261719 0.039062 0.123438
0 0.561719 0.244531 0.042188 0.101562
0 0.621875 0.233594 0.046875 0.076563
0 0.336719 0.310156 0.048438 0.104688
0 0.387500 0.282031 0.056250 0.076563
0 0.495312 0.215625 0.034375 0.084375
0 0.278906 0.272656 0.045312 0.092188
0 0.325781 0.247656 0.039062 0.067187
0 0.384375 0.220312 0.043750 0.068750
0 0.435156 0.192969 0.042188 0.079687
0 0.475781 0.171875 0.029687 0.075000
0 0.505469 0.161719 0.035937 0.067187
0 0.309375 0.145313 0.037500 0.121875
0 0.331250 0.125000 0.018750 0.046875
0 0.341406 0.157031 0.023438 0.057813
0 0.383594 0.145313 0.032813 0.059375
0 0.423438 0.136719 0.053125 0.039062
0 0.367969 0.115625 0.020313 0.065625
0 0.411719 0.110937 0.039062 0.040625
0 0.515625 0.097656 0.028125 0.060937
0 0.532813 0.084375 0.021875 0.059375
0 0.559375 0.078125 0.025000 0.053125
0 0.567969 0.100781 0.026562 0.054688
0 0.600000 0.096875 0.028125 0.056250
0 0.619531 0.121094 0.029687 0.060937
0 0.643750 0.121875 0.028125 0.031250
0 0.673438 0.157812 0.046875 0.037500
0 0.707031 0.179688 0.048438 0.065625
0 0.731250 0.170313 0.028125 0.068750
0 0.757031 0.164062 0.039062 0.050000
0 0.770312 0.220312 0.040625 0.068750
0 0.792188 0.196875 0.025000 0.059375
0 0.487500 0.387500 0.068750 0.143750
1 0.900000 0.603125 0.140625 0.318750
