0 0.192188 0.638281 0.068750 0.129688
0 0.269531 0.542969 0.085938 0.145313
0 0.091406 0.578125 0.064062 0.118750
0 0.142969 0.510156 0.070312 0.135937
0 0.214844 0.462500 0.057813 0.140625
0 0.156250 0.448437 0.053125 0.065625
0 0.064844 0.412500 0.039062 0.087500
0 0.095312 0.371094 0.046875 0.110937
0 0.141406 0.356250 0.054688 0.087500
0 0.485938 0.389844 0.075000 0.142187
0 0.382031 0.358594 0.060937 0.114062
0 0.435156 0.328125 0.045312 0.106250
0 0.482812 0.300000 0.046875 0.084375
0 0.521875 0.261719 0.043750 0.120313
0 0.571875 0.250000 0.046875 0.093750
0 0.623437 0.232813 0.040625 0.078125
0 0.331250 0.307031 0.050000 0.104688
0 0.386719 0.281250 0.060937 0.065625
0 0.493750 0.216406 0.037500 0.089063
0 0.276562 0.275000 0.043750 0.093750
0 0.327344 0.251563 0.042188 0.075000
0 0.382031 0.220312 0.039062 0.075000
0 0.435937 0.192188 0.040625 0.075000
0 0.474219 0.171875 0.032813 0.081250
0 0.514062 0.157031 0.028125 0.060937
0 0.307031 0.170313 0.035937 0.075000
0 0.341406 0.160938 0.023438 0.056250
0 0.321094 0.144531 0.014063 0.042188
0 0.332031 0.123438 0.017188 0.043750
0 0.383594 0.143750 0.032813 0.056250
0 0.367188 0.117188 0.025000 0.056250
0 0.409375 0.111719 0.037500 0.042188
0 0.777344 0.216406 0.042188 0.067187
0 0.795312 0.199219 0.031250 0.060937
0 0.707031 0.181250 0.045312 0.068750
0 0.735156 0.167187 0.029687 0.065625
0 0.758594 0.163281 0.032813 0.048438
0 0.672656 0.157031 0.048438 0.035937
0 0.619531 0.121094 0.039062 0.060937
0 0.647656 0.123438 0.032813 0.034375
0 0.564063 0.101562 0.021875 0.059375
0 0.587500 0.093750 0.018750 0.056250
0 0.512500 0.094531 0.031250 0.054688
0 0.535156 0.083594 0.026562 0.051562
0 0.557813 0.083594 0.021875 0.057813
1 0.899219 0.602344 0.135937 0.317188
