0 0.191406 0.625781 0.070312 0.104688
0 0.265625 0.542969 0.084375 0.145313
0 0.092188 0.578125 0.081250 0.109375
0 0.126562 0.506250 0.059375 0.134375
0 0.211719 0.460938 0.057813 0.128125
0 0.155469 0.446875 0.057813 0.068750
0 0.060937 0.410156 0.040625 0.079687
0 0.100000 0.371094 0.040625 0.092188
0 0.141406 0.352344 0.039062 0.085938
0 0.211719 0.192188 0.026562 0.137500
0 0.483594 0.378125 0.067187 0.121875
0 0.382812 0.357031 0.062500 0.114062
0 0.432812 0.323437 0.043750 0.096875
0 0.482031 0.299219 0.042188 0.092188
0 0.520312 0.263281 0.037500 0.089063
0 0.557031 0.246094 0.042188 0.104688
0 0.621094 0.232031 0.042188 0.076563
0 0.325781 0.298438 0.045312 0.100000
0 0.389062 0.280469 0.056250 0.070312
0 0.489844 0.217969 0.042188 0.092188
0 0.278125 0.271875 0.040625 0.087500
0 0.323437 0.246094 0.037500 0.076563
0 0.382031 0.220312 0.039062 0.068750
0 0.435937 0.192188 0.040625 0.071875
0 0.471875 0.171875 0.028125 0.084375
0 0.507812 0.162500 0.034375 0.068750
0 0.307031 0.141406 0.029687 0.064062
0 0.331250 0.129688 0.021875 0.056250
0 0.340625 0.159375 0.031250 0.056250
0 0.385156 0.142969 0.039062 0.054688
0 0.407813 0.110937 0.037500 0.037500
0 0.375000 0.107813 0.028125 0.046875
0 0.771875 0.217188 0.031250 0.071875
0 0.790625 0.195312 0.021875 0.053125
0 0.689844 0.170313 0.032813 0.078125
0 0.727344 0.165625 0.039062 0.065625
0 0.757812 0.161719 0.034375 0.042188
0 0.617969 0.120313 0.035937 0.059375
0 0.646094 0.121875 0.032813 0.031250
0 0.566406 0.100000 0.029687 0.056250
0 0.593750 0.096094 0.028125 0.048438
0 0.512500 0.092188 0.028125 0.056250
0 0.532031 0.084375 0.029687 0.056250
0 0.558594 0.077344 0.026562 0.048438
1 0.897656 0.593750 0.135937 0.337500
