0 0.167969 0.601562 0.064062 0.181250
0 0.265625 0.543750 0.090625 0.175000
0 0.090625 0.583594 0.071875 0.126562
0 0.125781 0.517188 0.048438 0.153125
0 0.207813 0.458594 0.065625 0.139063
0 0.155469 0.452344 0.048438 0.067187
0 0.060156 0.415625 0.029687 0.084375
0 0.102344 0.381250 0.045312 0.106250
0 0.155469 0.352344 0.051562 0.092188
0 0.483594 0.385937 0.070312 0.140625
0 0.385937 0.359375 0.075000 0.121875
0 0.432031 0.323437 0.042188 0.103125
0 0.484375 0.302344 0.046875 0.089063
0 0.517969 0.265625 0.045312 0.090625
0 0.573438 0.254688 0.062500 0.084375
0 0.624219 0.232031 0.048438 0.076563
0 0.332031 0.321094 0.045312 0.107813
0 0.385156 0.283594 0.054688 0.076563
0 0.508594 0.222656 0.039062 0.089063
0 0.278125 0.273438 0.043750 0.093750
0 0.323437 0.246094 0.040625 0.076563
0 0.381250 0.225000 0.034375 0.078125
0 0.439063 0.192969 0.028125 0.079687
0 0.478906 0.178125 0.029687 0.071875
0 0.517188 0.160156 0.031250 0.067187
0 0.310156 0.169531 0.032813 0.076563
0 0.314063 0.141406 0.018750 0.045312
0 0.341406 0.161719 0.026562 0.064062
0 0.329688 0.126562 0.018750 0.050000
0 0.382812 0.146094 0.034375 0.057813
0 0.412500 0.136719 0.034375 0.048438
0 0.368750 0.116406 0.025000 0.073438
0 0.774219 0.217969 0.045312 0.067187
0 0.793750 0.196875 0.021875 0.056250
0 0.707031 0.180469 0.048438 0.064062
0 0.738281 0.164844 0.039062 0.060937
0 0.675000 0.157812 0.050000 0.037500
0 0.621875 0.117969 0.037500 0.067187
0 0.644531 0.123438 0.026562 0.031250
0 0.567187 0.100781 0.025000 0.060937
0 0.590625 0.096094 0.021875 0.060937
0 0.515625 0.094531 0.034375 0.054688
0 0.535156 0.085156 0.023438 0.051562
0 0.559375 0.081250 0.025000 0.053125
1 0.897656 0.573438 0.114062 0.312500
