0 0.192969 0.592969 0.057813 0.182812
0 0.264844 0.550000 0.082812 0.159375
0 0.093750 0.566406 0.071875 0.129688
0 0.133594 0.506250 0.054688 0.131250
0 0.157031 0.444531 0.054688 0.064062
0 0.210156 0.447656 0.051562 0.139063
0 0.059375 0.414062 0.025000 0.081250
0 0.102344 0.376563 0.051562 0.096875
0 0.151562 0.346875 0.037500 0.090625
0 0.486719 0.382812 0.073438 0.137500
0 0.385156 0.362500 0.076563 0.121875
0 0.432031 0.323437 0.048438 0.100000
0 0.484375 0.296875 0.046875 0.081250
0 0.513281 0.264062 0.032813 0.115625
0 0.574219 0.253125 0.057813 0.081250
0 0.623437 0.233594 0.050000 0.079687
0 0.503125 0.220312 0.031250 0.081250
0 0.278125 0.271094 0.046875 0.092188
0 0.324219 0.253125 0.039062 0.093750
0 0.382812 0.219531 0.037500 0.070312
0 0.443750 0.189844 0.034375 0.085938
0 0.475000 0.172656 0.031250 0.082812
0 0.521094 0.156250 0.035937 0.071875
0 0.313281 0.165625 0.039062 0.078125
0 0.322656 0.143750 0.017188 0.040625
0 0.346094 0.160156 0.029687 0.060937
0 0.335156 0.119531 0.026562 0.035937
0 0.382031 0.149219 0.035937 0.057813
0 0.425781 0.137500 0.054688 0.043750
0 0.371094 0.114844 0.032813 0.051562
0 0.415625 0.110156 0.040625 0.039062
0 0.772656 0.217969 0.032813 0.067187
0 0.792969 0.196094 0.023438 0.057813
0 0.709375 0.180469 0.043750 0.067187
0 0.735156 0.165625 0.035937 0.065625
0 0.674219 0.158594 0.045312 0.035937
0 0.620313 0.119531 0.034375 0.057813
0 0.646875 0.122656 0.031250 0.029687
0 0.566406 0.100781 0.023438 0.057813
0 0.589063 0.096094 0.021875 0.057813
0 0.511719 0.090625 0.023438 0.053125
0 0.533594 0.086719 0.026562 0.057813
0 0.559375 0.077344 0.025000 0.048438
1 0.898438 0.603906 0.134375 0.320312
