0 0.193750 0.627344 0.065625 0.110937
0 0.267969 0.544531 0.082812 0.154688
0 0.086719 0.579688 0.060937 0.134375
0 0.128906 0.514844 0.042188 0.148438
0 0.154688 0.443750 0.046875 0.065625
0 0.213281 0.467187 0.060937 0.115625
0 0.064062 0.414844 0.037500 0.085938
0 0.105469 0.379688 0.035937 0.100000
0 0.147656 0.350781 0.042188 0.082812
0 0.482812 0.385937 0.065625 0.140625
0 0.382031 0.360156 0.064062 0.117188
0 0.431250 0.325000 0.043750 0.096875
0 0.483594 0.296875 0.042188 0.081250
0 0.525781 0.258594 0.035937 0.114062
0 0.570312 0.243750 0.056250 0.100000
0 0.622656 0.233594 0.048438 0.076563
0 0.335156 0.307812 0.051562 0.109375
0 0.387500 0.282031 0.053125 0.073438
0 0.492969 0.218750 0.035937 0.090625
0 0.277344 0.267969 0.042188 0.089063
0 0.323437 0.251563 0.037500 0.078125
0 0.385156 0.227344 0.042188 0.073438
0 0.435937 0.193750 0.040625 0.078125
0 0.476562 0.170313 0.034375 0.084375
0 0.514062 0.160156 0.037500 0.064062
0 0.309375 0.146875 0.034375 0.118750
0 0.332031 0.121094 0.017188 0.042188
0 0.341406 0.158594 0.023438 0.057813
0 0.367969 0.117969 0.026562 0.057813
0 0.389062 0.146875 0.046875 0.059375
0 0.424219 0.135937 0.054688 0.040625
0 0.411719 0.110156 0.039062 0.039062
0 0.771875 0.219531 0.037500 0.073438
0 0.796875 0.196094 0.031250 0.057813
0 0.710938 0.181250 0.046875 0.068750
0 0.735938 0.171094 0.034375 0.070312
0 0.760156 0.163281 0.039062 0.048438
0 0.672656 0.159375 0.048438 0.040625
0 0.619531 0.121094 0.035937 0.060937
0 0.648438 0.124219 0.037500 0.032813
0 0.566406 0.100781 0.026562 0.057813
0 0.589063 0.093750 0.025000 0.059375
0 0.512500 0.093750 0.028125 0.056250
0 0.535156 0.088281 0.023438 0.060937
0 0.560937 0.081250 0.025000 0.053125
1 0.899219 0.603125 0.139063 0.318750
