0 0.085156 0.606250 0.057813 0.190625
0 0.202344 0.523438 0.104688 0.187500
0 0.032031 0.493750 0.051562 0.159375
0 0.121875 0.430469 0.059375 0.154688
0 0.068750 0.428125 0.056250 0.081250
0 0.014063 0.341406 0.025000 0.101562
0 0.063281 0.311719 0.051562 0.107813
0 0.450000 0.350000 0.078125 0.153125
0 0.332031 0.320312 0.073438 0.137500
0 0.382031 0.280469 0.048438 0.117188
0 0.446094 0.244531 0.048438 0.079687
0 0.495312 0.219531 0.056250 0.092188
0 0.553125 0.200781 0.050000 0.085938
0 0.597656 0.178125 0.048438 0.093750
0 0.266406 0.260937 0.045312 0.103125
0 0.337500 0.228125 0.062500 0.075000
0 0.475000 0.161719 0.050000 0.095312
0 0.213281 0.219531 0.054688 0.107813
0 0.262500 0.191406 0.043750 0.095312
0 0.329688 0.163281 0.046875 0.082812
0 0.407031 0.119531 0.035937 0.085938
0 0.440625 0.104688 0.031250 0.068750
0 0.484375 0.086719 0.037500 0.070312
0 0.246875 0.107031 0.034375 0.073438
0 0.285156 0.085938 0.035937 0.062500
0 0.249219 0.075000 0.017188 0.062500
0 0.287500 0.088281 0.034375 0.054688
0 0.269531 0.057031 0.020313 0.070312
0 0.331250 0.076563 0.025000 0.068750
0 0.367969 0.061719 0.051562 0.048438
0 0.781250 0.155469 0.040625 0.076563
0 0.796875 0.136719 0.025000 0.073438
0 0.700000 0.114062 0.043750 0.078125
0 0.728906 0.100000 0.029687 0.084375
0 0.764062 0.092969 0.040625 0.073438
0 0.665625 0.089844 0.053125 0.039062
0 0.604688 0.042969 0.034375 0.064062
0 0.631250 0.049219 0.031250 0.035937
0 0.539062 0.028125 0.034375 0.050000
0 0.568750 0.024219 0.021875 0.045312
0 0.484375 0.023438 0.040625 0.043750
1 0.921094 0.536719 0.142187 0.335938
